%H2_volume  P=100kPa,T=25C
6.00041605991  0.0210803689065
9.16150058942  0.142292490119
10.1130296096  0.300395256917
12.2198183205  0.35836627141
12.9617918314  0.553359683794
15.0735732612  0.801054018445
20.1445114763  1.49670619236
25.2078219264  1.90250329381
30.1707232508  2.49275362319
35.1311282158  2.98814229249
40.3006726302  3.43083003953
47.033492823  3.27799736495
49.9776714514  3.15678524374
55.0137993204  2.52964426877
60.0467373969  1.7812911726
64.9820400804  1.32279314888
70.1289785729  0.906455862978
